00000
00001
00002
00003
00004
00005
00006
00007
00008
00009
00010
00011
00012
00013
00014
00015
00016
00017
00018
00019
00020
00021
00022
00023
00024
00025
00026
00027
00028
00029
00030
00031
00032
00033
00034
00035
00036
00037
00038
00039
00040
00041
00042
00043
00044
00045
00046
00047
00048
00049
00050
00051
00052
00053
00054
00055
00056
00057
00058
00059
00060
00061
00062
00063
00064
00065
00066
00067
00068
00069
00070
00071
00072
00073
00074
00075
00076
00077
00078
00079
00080
00081
00082
00083
00084
00085
00086
00087
00088
00089
00090
00091
00092
00093
00094
00095
00096
00097
00098
00099
00100
00101
00102
00103
00104
00105
00106
00107
00108
00109
00110
00111
00112
00113
00114
00115
00116
00117
00118
00119
00120
00121
00122
00123
00124
00125
00126
00127
00128
00129
00130
00131
00132
00133
00134
00135
00136
00137
00138
00139
00140
00141
00142
00143
00144
00145
00146
00147
00148
00149
00150
00151
00152
00153
00154
00155
00156
00157
00158
00159
00160
00161
00162
00163
00164
00165
00166
00167
00168
00169
00170
00171
00172
00173
00174
00175
00176
00177
00178
00179
00180
00181
00182
00183
00184
00185
00186
00187
00188
00189
00190
00191
00192
00193
00194
00195
00196
00197
00198
00199
00200
00201
00202
00203
00204
00205
00206
00207
00208
00209
00210
00211
00212
00213
00214
00215
00216
00217
00218
00219
00220
00221
00222
00223
00224
00225
00226
00227
00228
00229
00230
00231
00232
00233
00234
00235
00236
00237
00238
00239
00240
00241
00242
00243
00244
00245
00246
00247
00248
00249
00250
00251
00252
00253
00254
00255
00256
00257
00258
00259
00260
00261
00262
00263
00264
00265
00266
00267
00268
00269
00270
00271
00272
00273
00274
00275
00276
00277
00278
00279
00280
00281
00282
00283
00284
00285
00286
00287
00288
00289
00290
00291
00292
00293
00294
00295
00296
00297
00298
00299
00300
00301
00302
00303
00304
00305
00306
00307
00308
00309
00310
00311
00312
00313
00314
00315
00316
00317
00318
00319
00320
00321
00322
00323
00324
00325
00326
00327
00328
00329
00330
00331
00332
00333
00334
00335
00336
00337
00338
00339
00340
00341
00342
00343
00344
00345
00346
00347
00348
00349
00350
00351
00352
00353
00354
00355
00356
00357
00358
00359
00360
00361
00362
00363
00364
00365
00366
00367
00368
00369
00370
00371
00372
00373
00374
00375
00376
00377
00378
00379
00380
00381
00382
00383
00384
00385
00386
00387
00388
00389
00390
00391
00392
00393
00394
00395
00396
00397
00398
00399
00400
00401
00402
00403
00404
00405
00406
00407
00408
00409
00410
00411
00412
00413
00414
00415
00416
00417
00418
00419
00420
00421
00422
00423
00424
00425
00426
00427
00428
00429
00430
00431
00432
00433
00434
00435
00436
00437
00438
00439
00440
00441
00442
00443
00444
00445
00446
00447
00448
00449
00450
00451
00452
00453
00454
00455
00456
00457
00458
00459
00460
00461
00462
00463
00464
00465
00466
00467
00468
00469
00470
00471
00472
00473
00474
00475
00476
00477
00478
00479
00480
00481
00482
00483
00484
00485
00486
00487
00488
00489
00490
00491
00492
00493
00494
00495
00496
00497
00498
00499
00500
00501
00502
00503
00504
00505
00506
00507
00508
00509
00510
00511
00512
00513
00514
00515
00516
00517
00518
00519
00520
00521
00522
00523
00524
00525
00526
00527
00528
00529
00530
00531
00532
00533
00534
00535
00536
00537
00538
00539
00540
00541
00542
00543
00544
00545
00546
00547
00548
00549
00550
00551
00552
00553
00554
00555
00556
00557
00558
00559
00560
00561
00562
00563
00564
00565
00566
00567
00568
00569
00570
00571
00572
00573
00574
00575
00576
00577
00578
00579
00580
00581
00582
00583
00584
00585
00586
00587
00588
00589
00590
00591
00592
00593
00594
00595
00596
00597
00598
00599
00600
00601
00602
00603
00604
00605
00606
00607
00608
00671
00672
00673
00674
00675
00676
00677
00678
00679
00680
00681
00682
00683
00684
00685
00686
00687
00688
00689
00690
00691
00692
00693
00694
00695
00696
00697
00698
00699
00700
00701
00702
00703
00704
00705
00706
00707
00708
00709
00710
00711
00712
00713
00714
00715
00716
00717
00718
00719
00720
00721
00722
00723
00724
00725
00726
00727
00728
00729
00730
00731
00732
00733
00734
00735
00736
00737
00738
00739
00740
00741
00742
00743
00744
00745
00746
00747
00748
00749
00750
00751
00752
00753
00754
00755
00756
00757
00758
00759
00760
00761
00762
00763
00764
00765
00766
00767
00768
00769
00770
00771
00772
00773
00774
00775
00776
00777
00778
00779
00780
00781
00782
00783
00784
00785
00786
00787
00788
00789
00790
00791
00792
00793
00794
00795
00796
00797
00798
00799
00800
00801
00802
00803
00804
00805
00806
00807
00808
00809
00810
00811
00812
00813
00814
00815
00816
00817
00818
00819
00820
00821
00822
00823
00824
00825
00826
00827
00828
00829
00830
00831
00832
00833
00834
00835
00836
00837
00838
00839
00840
00841
00842
00843
00844
00845
00846
00847
00848
00849
00850
00851
00852
00853
00854
00855
00856
00857
00858
00859
00860
00861
00862
00863
00864
00865
00866
00867
00868
00869
00870
00871
00872
00873
00874
00875
00876
00877
00878
00879
00880
00881
00882
00883
00884
00885
00886
00887
00888
00889
00890
00891
00892
00893
00894
00895
00896
00897
00898
00899
00900
00901
00902
00903
00904
00905
00906
00907
00908
00909
00910
00911
00912
00913
00914
00915
00916
00917
00918
00919
00920
00921
00922
00923
00924
00925
00926
00927
00928
00929
00930
00931
00932
00933
00934
00935
00936
00937
00938
00939
00940
00941
00942
00943
00944
00945
00946
00947
00948
00949
00950
00951
00952
00953
00954
00955
00956
00957
00958
00959
00960
00961
00962
00963
00964
00965
00966
00967
00968
00969
00970
00971
00972
00973
00974
00975
00976
00977
00978
00979
00980
00981
00982
00983
00984
00985
00986
00987
00988
00989
00990
00991
00992
00993
00994
00995
00996
00997
00998
00999
01000
01001
01002
01003
01004
01005
01006
01007
01008
01009
01010
01011
01012
01013
01014
01015
01016
01017
01018
01019
01020
01021
01022
01023
01024
01025
01026
01027
01028
01029
01030
01031
01032
01033
01034
01035
01036
01037
01038
01039
01040
01041
01042
01043
01044
01045
01046
01047
01048
01049
01050
01051
01052
01053
01054
01055
01056
01057
01058
01059
01060
01061
01062
01063
01064
01065
01066
01067
01068
01069
01070
01071
01072
01073
01074
01075
01076
01077
01078
01079
01080
01081
01082
01083
01084
01085
01086
01087
01088
01089
01090
01091
01092
01093
01094
01095
01096
01097
01098
01099
01100
01101
01102
01103
01104
01105
01106
01107
01108
01109
01110
01111
01112
01113
01114
01115
01116
01117
01118
01119
01120
01121
01122
01123
01124
01125
01126
01127
01128
01129
01130
01131
01132
01133
01134
01135
01136
01137
01138
01139
01140
01141
01142
01143
01144
01145
01146
01147
01148
01149
01150
01151
01152
01153
01154
01155
01156
01157
01158
01159
01160
01161
01162
01163
01164
01165
01166
01167
01168
01169
01170
01171
01172
01173
01174
01175
01176
01177
01178
01179
01180
01181
01182
01183
01184
01185
01186
01187
01188
01189
01190
01191
01192
01193
01194
01195
01196
01197
01198
01199
01200
01201
01202
01203
01204
01205
01206
01207
01208
01209
01210
01211
01212
01213
01214
01215
01216
01217
01218
01219
01220
01221
01222
01223
01224
01225
01226
01227
01228
01229
01230
01231
01232
01233
01234
01235
01236
01237
01238
01239
01240
01241
01242
01243
01244
01245
01246
01247
01248
01249
01250
01251
01252
01253
01254
01255
01256
01257
01258
01259
01260
01261
01262
01263
01264
01265
01266
01267
01268
01269
01270
01271
01272
01273
01274
01275
01276
01277
01278
01279
01280
01281
01282
01283
01284
01285
01286
01287
01288
01289
01290
01291
01292
01293
01294
01295
01296
01297
01298
01299
01300
01301
01302
01303
01304
01305
01306
01307
01308
01309
01310
01311
01312
01313
01314
01315
01316
01317
01318
01319
01320
01321
01322
01323
01324
01325
01326
01327
01328
01329
01330
01331
01332
01333
01334
01335
01336
01337
01338
01339
01340
01341
01342
01343
01344
01345
01346
01347
01348
01349
01350
01351
01352
01353
01354
01355
01356
01357
01358
01359
01360
01361
01362
01363
01364
01365
01366
01367
01368
01369
01370
01371
01372
01373
01374
01375
01376
01377
01378
01379
01380
01381
01382
01383
01384
01385
01386
01387
01388
01389
01390
01391
01392
01393
01394
01395
01396
01397
01398
01399
01400
01401
01402
01403
01404
01405
01406
01407
01408
01409
01410
01411
01412
01413
01414
01415
01416
01417
01418
01419
01420
01421
01422
01423
01424
01425
01426
01427
01428
01429
01430
01431
01432
01433
01434
01435
01436
01437
01438
01439
01440
01441
01442
01443
01444
01445
01446
01447
01448
01449
01450
01451
01452
01453
01454
01455
01456
01457
01458
01459
01460
01461
01462
01463
01464
01465
01466
01467
01468
01469
01470
01471
01472
01473
01474
01475
01476
01477
01478
01479
01480
01481
01482
01483
01484
01485
01486
01487
01488
01489
01490
01491
01492
01493
01494
01495
01496
01497
01498
01499
01500
01501
01502
01503
01504
01505
01506
01507
01508
01509
01510
01511
01512
01513
01514
01515
01516
01517
01518
01519
01520
01521
01522
01523
01524
01525
01526
01527
01528
01529
01530
01531
01532
01533
01534
01535
01536
01537
01538
01539
01540
01541
01542
01543
01544
01545
01546
01547
01548
01549
01550
01551
01552
01553
01554
01555
01556
01557
01558
01559
01560
01561
01562
01563
01564
01565
01566
01567
01568
01569
01570
01571
01572
01573
01574
01575
01576
01577
01578
01579
01580
01581
01582
01583
01584
01585
01586
01587
01588
01589
01590
01591
01592
01593
01594
01595
01596
01597
01598
01599
01600
01601
01602
01603
01604
01605
01606
01607
01608
01609
01610
01611
01612
01613
01614
01615
01616
01617
01618
01619
01620
01621
01622
01623
01624
01625
01626
01627
01628
01629
01630
01631
01632
01633
01634
01635
01636
01637
01638
01639
01640
01641
01642
01643
01644
01645
01646
01647
01648
01649
01650
01651
01652
01653
01654
01655
01656
01657
01658
01659
01660
01661
01662
01663
01664
01665
01666
01667
01668
01669
01670
01671
01672
01673
01674
01675
01676
01677
01678
01679
01680
01681
01682
01683
01684
01685
01686
01687
01688
01689
01690
01691
01692
01693
01694
01695
01696
01697
01698
01699
01700
01701
01702
01703
01704
01705
01706
01707
01708
01709
01710
01711
01712
01713
01714
01715
01716
01717
01718
01719
01720
01721
01722
01723
01724
01725
01726
01727
01728
01729
01730
01731
01732
01733
01734
01735
01736
01737
01738
01739
01740
01741
01742
01743
01744
01745
01746
01747
01748
01749
01750
01751
01752
01753
01754
01755
01756
01757
01758
01759
01760
01761
01762
01763
01764
01765
01766
01767
01768
01769
01770
01771
01772
01773
01774
01775
01776
01777
01778
01779
01780
01781
01782
01783
01784
01785
01786
01787
01788
01789
01790
01791
01792
01793
01794
01795
01796
01797
01798
01799
01800
01801
01802
01803
01804
01805
01806
01807
01808
01809
01810
01811
01812
01813
01814
01815
01816
01817
01818
01819
01820
01821
01822
01823
01824
01825
01826
01827
01828
01829
01830
01831
01832
01833
01834
01835
01836
01837
01838
01839
01840
01841
01842
01843
01844
01845
01846
01847
01848
01849
01850
01851
01852
01853
01854
01855
01856
01857
01858
01859
01860
01861
01862
01863
01864
01865
01866
01867
01868
01869
01870
01871
01872
01873
01874
01875
01876
01877
01878
01879
01880
01881
01882
01883
01884
01885
01886
01887
01888
01889
01890
01891
01892
01893
01894
01895
01896
01897
01898
01899
01900
01901
01902
01903
01904
01905
01906
01907
01908
01909
01910
01911
01912
01913
01914
01915
01916
01917
01918
01919
01920
01921
01922
01923
01924
01925
01926
01927
01928
01929
01930
01931
01932
01933
01934
01935
01936
01937
01938
01939
01940
01941
01942
01943
01944
01945
01946
01947
01948
01949
01950
01951
01952
01953
01954
01955
01956
01957
01958
01959
01960
01961
01962
01963
01964
01965
01980
01981
01982
01983
01984
01985
01986
01987
01988
01989
01990
01991
01992
01993
01994
01995
01996
01997
01998
01999
02000
02001
02002
02003
02004
02005
02006
02007
02008
02009
02010
02011
02012
02013
02014
02015
02016
02017
02018
02019
02020
02021
02022
02023
02024
02025
02026
02027
02028
02029
02030
02031
02032
02033
02034
02035
02036
02037
02038
02039
02040
02041
02042
02043
02044
02045
02046
02047
02048
02049
02050
02051
02052
02053
02054
02055
02056
02057
02058
02059
02060
02061
02062
02063
02064
02065
02066
02067
02068
02069
02070
02071
02072
02073
02074
02075
02076
02077
02078
02079
02080
02081
02082
02083
02084
02085
02086
02087
02088
02089
02090
02091
02092
02093
02094
02095
02096
02097
02098
02099
02100
02101
02102
02103
02104
02105
02106
02107
02108
02109
02110
02111
02112
02113
02114
02115
02116
02117
02118
02119
02120
02121
02122
02123
02124
02125
02126
02127
02128
02129
02130
02131
02132
02133
02134
02135
02136
02137
02138
02139
02140
02141
02142
02143
02144
02145
02146
02147
02148
02149
02150
02151
02152
02153
02154
02155
02156
02157
02158
02159
02160
02161
02162
02163
02164
02165
02166
02167
02168
02169
02170
02171
02172
02173
02174
02175
02176
02177
02178
02179
02180
02181
02182
02183
02184
02185
02186
02187
02188
02189
02190
02191
02192
02193
02194
02195
02196
02197
02198
02199
02200
02201
02202
02203
02204
02205
02206
02207
02208
02209
02210
02211
02212
02213
02214
02215
02216
02217
02218
02219
02220
02221
02222
02223
02224
02225
02226
02227
02228
02229
02230
02231
02232
02233
02234
02235
02236
02237
02238
02239
02240
02241
02242
02243
02244
02245
02246
02247
02248
02249
02250
02251
02252
02253
02254
02255
02256
02257
02258
02259
02260
02261
02262
02263
02264
02265
02266
02267
02268
02269
02270
02271
02272
02273
02274
02275
02276
02277
02278
02279
02280
02281
02282
02283
02284
02285
02286
02287
02288
02289
02290
02291
02292
02293
02294
02295
02296
02297
02298
02299
02300
02301
02302
02303
02304
02305
02306
02307
02308
02309
02310
02311
02312
02313
02314
02315
02316
02317
02318
02319
02320
02321
02322
02323
02324
02325
02326
02327
02328
02329
02330
02331
02332
02333
02334
02335
02336
02337
02338
02339
02340
02341
02342
02343
02344
02345
02346
02347
02348
02349
02350
02351
02352
02353
02354
02355
02356
02357
02358
02359
02360
02361
02362
02363
02364
02365
02366
02367
02368
02369
02370
02371
02372
02373
02374
02375
02376
02377
02378
02379
02380
02381
02382
02383
02384
02385
02386
02387
02388
02389
02390
02391
02392
02393
02394
02395
02396
02397
02398
02399
02400
02401
02402
02403
02404
02405
02406
02407
02408
02409
02410
02411
02412
02413
02414
02415
02416
02417
02418
02419
02420
02421
02422
02423
02424
02425
02426
02427
02428
02429
02430
02431
02432
02433
02434
02435
02436
02437
02438
02439
02440
02441
02442
02443
02444
02445
02446
02447
02448
02449
02450
02451
02452
02453
02454
02455
02456
02457
02458
02459
02460
02461
02462
02463
02464
02465
02466
02467
02468
02469
02470
02471
02472
02473
02474
02475
02476
02477
02478
02479
02480
02481
02482
02483
02484
02485
02486
02487
02488
02489
02490
02491
02492
02493
02494
02495
02496
02497
02498
02499
02500
02501
02502
02503
02504
02505
02506
02507
02508
02509
02510
02511
02512
02513
02514
02515
02516
02517
02518
02519
02520
02521
02522
02523
02524
02525
02526
02527
02528
02529
02530
02531
03277
03278
03279
03280
03281
03282
03283
03284
03285
03286
03287
03288
03289
03290
03291
03292
03293
03294
03295
03296
03297
03298
03299
03300
03301
03302
03303
03304
03305
03306
03307
03308
03309
03310
03311
03312
03313
03314
03315
03316
03317
03318
03319
03320
03321
03322
03323
03324
03325
03326
03327
03328
03329
03330
03331
03332
03333
03334
03335
03336
03337
03338
03339
03340
03341
03342
03343
03344
03345
03346
03347
03348
03349
03350
03351
03352
03353
03354
03355
03356
03357
03358
03359
03360
03361
03362
03363
03364
03365
03366
03367
03368
03369
03370
03371
03372
03373
03374
03375
03376
03377
03378
03379
03380
03381
03382
03383
03384
03385
03386
03387
03388
03389
03390
03391
03392
03393
03394
03395
03396
03397
03398
03399
03400
03401
03402
03403
03404
03405
03406
03407
03408
03409
03410
03411
03412
03413
03414
03415
03416
03417
03418
03419
03420
03421
03422
03423
03424
03425
03426
03427
03428
03429
03430
03431
03432
03433
03434
03435
03436
03437
03438
03439
03440
03441
03442
03443
03444
03445
03446
03447
03448
03449
03450
03451
03452
03453
03454
03455
03456
03457
03458
03459
03460
03461
03462
03463
03464
03465
03466
03467
03468
03469
03470
03471
03472
03473
03474
03475
03476
03477
03478
03479
03480
03481
03482
03483
03484
03485
03486
03487
03488
03489
03490
03491
03492
03493
03494
03495
03496
03497
03498
03499
03500
03501
03502
03503
03504
03505
03506
03507
03508
03509
03510
03511
03512
03513
03514
03515
03516
03517
03518
03519
03520
03521
03522
03523
03524
03525
03526
03527
03528
03529
03530
03531
03532
03533
03534
03535
03536
03537
03538
03539
03540
03541
03542
03543
03544
03545
03546
03547
03548
03549
03550
03551
03552
03553
03554
03555
03556
03557
03558
03559
03560
03561
03562
03563
03564
03565
03566
03567
03568
03569
03570
03571
03572
03573
03574
03575
03576
03577
03578
03579
03580
03581
03582
03583
03584
03585
03586
03587
03588
03589
03590
03591
03592
03593
03594
03595
03596
03597
03598
03599
03600
03601
03602
03603
03604
03605
03606
03607
03608
03609
03610
03611
03612
03613
03614
03615
03616
03617
03618
03619
03620
03621
03622
03623
03624
03625
03626
03627
03628
03629
03630
03631
03632
03633
03634
03635
03636
03637
03638
03639
03640
03641
03642
03643
03644
03645
03646
03647
03648
03649
03650
03651
03652
03653
03654
03655
03656
03657
03658
03659
03660
03661
03662
03663
03664
03665
03666
03667
03668
03669
03670
03671
03672
03673
03674
03675
03676
03677
03678
03679
03680
03681
03682
03683
03684
03685
03686
03687
03688
03689
03690
03691
03692
03693
03694
03695
03696
03697
03698
03699
03700
03701
03702
03703
03704
03705
03706
03707
03708
03709
03710
03711
03712
03713
03714
03715
03716
03717
03718
03719
03720
03721
03722
03723
03724
03725
03726
03727
03728
03729
03730
03731
03732
03733
03734
03735
03736
03737
03738
03739
03740
03741
03742
03743
03744
03745
03746
03747
03748
03749
03750
03751
03752
03753
03754
03755
03756
03757
03758
03759
03760
03761
03762
03763
03764
03765
03766
03767
03768
03769
03770
03771
03772
03773
03774
03775
03776
03777
03778
03779
03780
03781
03782
03783
03784
03785
03786
03787
03788
03789
03790
03791
03792
03793
03794
03795
03796
03797
03798
03799
03800
03801
03802
03803
03804
03805
03806
03807
03808
03809
03810
03811
03812
03813
03814
03815
03816
03817
03818
03819
03820
03821
03822
03823
03824
03825
03826
03827
03828
03829
03830
03831
03832
03833
03834
03835
03836
03837
03838
03839
03840
03841
03842
03843
03844
03845
03846
03847
03848
03849
03850
03851
03852
03853
03854
03855
03856
03857
03858
03859
03860
03861
03862
03863
03864
03865
03866
03867
03868
03869
03870
03871
03872
03873
03874
03875
03876
03877
03878
03879
03880
03881
03882
03883
03884
03885
03886
03887
03888
03889
03890
03891
03892
03893
03894
03895
03896
03897
03898
03899
04251
04252
04253
04254
04255
04256
04257
04258
04259
04260
04261
04262
04263
04264
04265
04266
04267
04268
04269
04270
04271
04272
04273
04274
04275
04276
04277
04278
04279
04280
04281
04282
04283
04284
04285
04286
04287
04288
04289
04290
04291
04292
04293
04294
04295
04296
04297
04298
04299
04300
04301
04302
04303
04304
04305
04306
04307
04308
04309
04310
04311
04312
04313
04314
04315
04316
04317
04318
04319
04320
04321
04322
04323
04324
04325
04326
04327
04328
04329
04330
04331
04332
04333
04334
04335
04336
04337
04338
04339
04340
04341
04342
04343
04344
04345
04346
04347
04348
04349
04350
04351
04352
04353
04354
04355
04356
04357
04358
04359
04360
04361
04362
04363
04364
04365
04366
04367
04368
04369
04370
04371
04372
04373
04374
04375
04376
04377
04378
04379
04380
04381
04382
04383
04384
04385
04386
04387
04388
04389
04390
04391
04392
04393
04394
04395
04396
04397
04398
04399
04400
04401
04402
04403
04404
04405
04406
04407
04408
04409
04410
04411
04412
04413
04414
04415
04416
04417
04418
04419
04420
04421
04422
04423
04424
04425
04426
04427
04428
04429
04430
04431
04432
04433
04434
04435
04436
04437
04438
04439
04440
04441
04442
04443
04444
04445
04446
04447
04448
04449
04450
04451
04452
04453
04454
04455
04456
04457
04458
04459
04460
04461
04462
04463
04464
04465
04466
04467
04468
04469
04470
04471
04472
04473
04474
04475
04476
04477
04478
04479
04480
04481
04482
04483
04484
04485
04486
04487
04488
04489
04490
04491
04492
04493
04494
04495
04496
04497
04498
04499
04500
04501
04502
04503
04504
04505
04506
04507
04508
04509
04510
04511
04512
04513
04514
04515
04516
04517
04518
04519
04520
04521
04522
04523
04524
04525
04526
04527
04528
04529
04530
04531
04532
04533
04534
04535
04536
04537
04538
04539
04540
04541
04542
04543
04544
04545
04546
04547
04548
04549
04550
04551
04552
04553
04554
04555
04556
04557
04558
04559
04560
04561
04562
04563
04564
04565
04566
04567
04568
04569
04570
04571
04572
04573
04574
04575
04576
04577
04578
04579
04580
04581
04582
04583
04584
04585
04586
04587
04588
04589
04590
04591
04592
04593
04594
04595
04596
04597
04598
04599
04600
04601
04602
04603
04604
04605
04606
04607
04608
04609
04610
04611
04612
04613
04614
04615
04616
04617
04618
04619
04620
04621
04622
04623
04624
04625
04626
04627
04628
04629
04630
04631
04632
04633
04634
04635
04636
04637
04638
04639
04640
04641
04642
04643
04644
04645
04646
04647
04648
04649
04650
04651
04652
04653
04654
04655
04656
04657
04658
04659
04660
04661
04662
04663
04664
04665
04666
04667
04668
04669
04670
04671
04672
04673
04674
04675
04676
04677
04678
04679
04680
04681
04682
04683
04684
04685
04686
04687
04688
04689
04690
04691
04692
04693
04694
04695
04696
04697
04698
04699
04700
04701
04702
04703
04704
04705
04706
04707
04708
04709
04710
04711
04712
04713
04714
04715
04716
04717
04718
04719
04720
04721
04722
04723
04724
04725
04726
04727
04728
04729
04730
04731
04732
04733
04734
04735
04736
04737
04738
04739
04740
04741
04742
04743
04744
04745
04746
04747
04748
04749
04750
04751
04752
04753
04754
04755
04756
04757
04758
04759
04760
04761
04762
04763
04764
04765
04766
04767
04768
04769
04770
04771
04772
04773
04774
04775
04776
04777
04778
04779
04780
04781
04782
04783
04784
04785
04786
04787
04788
04789
04790
04791
04792
04793
04794
04795
04796
04797
04798
04799
04800
04801
04802
04803
04804
04805
04806
04807
04808
04809
04810
04811
04812
04813
04814
04815
04816
04817
04818
04819
04820
04821
04822
04823
04824
04825
04826
04827
04828
04829
04830
04831
04832
04833
04834
04835
04836
04837
04838
04839
04840
04841
04842
04843
04844
04845
04846
04847
04848
04849
04850
04851
04852
04853
04854
04855
04856
04857
04858
04859
04860
04861
04862
04863
04864
04865
04866
04867
04868
04869
04870
04871
04872
04873
04874
04875
04876
04877
04878
04879
04880
04881
04882
04883
04884
04885
04886
04887
04888
04889
04890
04891
04892
04893
04894
04895
04896
04897
04898
04899
04900
04901
04902
04903
04904
04905
04906
04907
04908
04909
04910
04911
04912
04913
04914
04915
04916
04917
04918
04919
04920
04921
04922
04923
04924
04925
04926
04927
04928
04929
04930
04931
04932
04933
04934
04935
04936
04937
04938
04939
04940
04941
04942
04943
04944
04945
04946
04947
04948
04949
04950
04951
04952
04953
04954
04955
04956
04957
04958
04959
04960
04961
04962
04963
04964
04965
04966
04967
04968
04969
04970
04971
04972
04973
04974
04975
04976
04977
04978
04979
04980
04981
04982
04983
04984
04985
04986
04987
04988
04989
04990
04991
04992
04993
04994
04995
04996
04997
04998
04999
05000
05001
05002
05003
05004
05005
05006
05007
05008
05009
05010
05011
05012
05013
05014
05015
05016
05017
05018
05019
05020
05021
05022
05023
05024
05025
05026
05027
05028
05029
05030
05031
05032
05033
05034
05035
05036
05037
05038
05039
05040
05041
05042
05043
05044
05045
05046
05047
05048
05049
05050
05051
05052
05053
05054
05055
05056
05057
05058
05059
05060
05061
05062
05063
05064
05065
05066
05067
05068
05069
05070
05071
05072
05073
05074
05075
05076
05077
05078
05079
05080
05081
05082
05083
05084
05085
06759
06760
06761
06762
06763
06764
06765
06766
06767
06768
06769
06770
06771
06772
06773
06774
06775
06776
06777
06778
06779
06780
06781
06782
06783
06784
06785
06786
06787
06788
06789
06790
06791
06792
06793
06794
06795
06796
06797
06798
06799
06800
06801
06802
06803
06804
06805
06806
06807
06808
06809
06810
06811
06812
06813
06814
06815
06816
06817
06818
06819
06820
06821
06822
06823
06824
06825
06826
06827
06828
06829
06830
06831
06832
06833
06834
06835
06836
06837
06838
06839
06840
06841
06842
06843
06844
06845
06846
06847
06848
06849
06850
06851
06852
06853
06854
06855
06856
06857
06858
06859
06860
06861
06862
06863
06864
06865
06866
06867
06868
06869
06870
06871
06872
06873
06874
06875
06876
06877
06878
06879
06880
06881
06882
06883
06884
06885
06886
06887
06888
06889
06890
06891
06892
06893
06894
06895
06896
06897
06898
06899
06900
06901
06902
06903
06904
06905
06906
06907
06908
06909
06910
06911
06912
06913
06914
06915
06916
06917
06918
06919
06920
06921
06922
06923
06924
06925
06926
06927
06928
06929
06930
06931
06932
06933
06934
06935
06936
06937
06938
06939
06940
06941
06942
06943
06944
06945
06946
06947
06948
06949
06950
06951
06952
06953
06954
06955
06956
06957
06958
06959
06960
06961
06962
06963
06964
06965
06966
06967
06968
06969
06970
06971
06972
06973
06974
06975
06976
06977
06978
06979
06980
06981
06982
06983
06984
06985
06986
06987
06988
06989
06990
06991
06992
06993
06994
06995
06996
06997
06998
06999
07000
07001
07002
07003
07004
07005
07006
07007
07008
07009
07010
07011
07012
07013
07014
07015
07016
07017
07018
07019
07020
07021
07022
07023
07024
07025
07026
07027
07028
07029
07030
07031
07032
07033
07034
07035
07036
07037
07038
07039
07040
07041
07042
07043
07044
07045
07046
07047
07048
07049
07050
07051
07052
07053
07054
07055
07056
07057
07058
07059
07060
07061
07062
07063
07064
07065
07066
07067
07068
07069
07070
07071
07072
07073
07074
07075
07076
07077
07078
07079
07080
07081
07082
07083
07084
07085
07086
07087
07088
07089
07090
07091
07092
07093
07094
07095
07096
07097
07098
07099
07100
07101
07102
07103
07104
07105
07106
07107
07108
07109
07110
07111
07112
07113
07114
07115
07116
07117
07118
07119
07120
07121
07122
07123
07124
07125
07126
07127
07128
07129
07130
07131
07132
07133
07134
07135
07136
07137
07138
07139
07140
07141
07142
07143
07144
07145
07146
07147
07148
07149
07150
07151
07152
07153
07154
07155
07156
07157
07158
07159
07160
07161
07162
07163
07164
07165
07166
07167
07168
07169
07170
07171
07172
07173
07174
07175
07176
07177
07178
07179
07180
07181
07182
07183
07184
07185
07186
07187
07188
07189
07190
07191
07192
07193
07194
07195
07196
07197
07198
07199
07200
07201
07202
07203
07204
07205
07206
07207
07208
07209
07210
07211
07212
07213
07214
07215
07216
07217
07218
07219
07220
07221
07222
07223
07224
07225
07226
07227
07228
07229
07230
07231
07232
07233
07234
07235
07236
07237
07238
07239
07240
07241
07242
07243
07244
07245
07246
07247
07248
07249
07250
07251
07252
07253
07254
07255
07256
07257
07258
07259
07260
07261
07262
07263
07264
07265
07266
07267
07268
07269
07270
07271
07272
07273
07274
07275
07276
07277
07278
07279
07280
07281
07282
07283
07284
07285
07286
07287
07288
07289
07290
07291
07292
07293
07294
07295
07296
07297
07298
07299
07300
07301
07302
07303
07304
07305
07306
07307
07308
07309
07310
07311
07312
07313
07314
07315
07316
07317
07318
07319
07320
07321
07322
07323
07324
07325
07326
07327
07328
07329
07330
07331
07332
07333
07334
07335
07336
07337
07338
07339
07340
07341
07342
07343
07344
07345
07346
07347
07348
07349
07350
07351
07352
07353
07354
07355
07356
07357
07358
07359
07360
07361
07362
07363
07364
07365
07366
07367
07368
07369
07370
07371
07372
07373
07374
07375
07376
07377
07378
07379
07380
07381
07382
07383
07384
07385
07386
07387
07388
07389
07390
07391
07392
07393
07394
07395
07396
07397
07398
07399
07400
07401
07402
07403
07404
07405
07406
07407
07408
07409
07410
07411
07412
07413
07414
07415
07416
07417
07418
07419
07420
07421
07422
07423
07424
07425
07426
07427
07428
07429
07430
07431
07432
07433
07434
07435
07436
07437
07438
07439
07440
07441
07442
07443
07444
07445
07446
07447
07448
07449
07450
07451
07452
07453
07454
07455
07456
07457
07458
07459
07460
07461
07462
07463
07464
07465
07466
07467
07468
07469
07470
07471
07472
07473
07474
07475
07476
07477
07478
07479
07480
07481
07482
07483
07484
07485
07486
07487
07488
07489
07490
07491
07492
07493
07494
07495
07496
07497
07498
07499
07500
07501
07502
07503
07504
07505
07506
07507
07508
07509
07510
07511
07512
07513
07514
07515
07516
07517
07518
07519
07520
07521
07522
07523
07524
07525
07526
07527
07528
07529
07530
07531
07532
07533
07534
07535
07536
07537
07538
07539
07540
07541
07542
08198
08199
08200
08201
08202
08203
08204
08205
08206
08207
08208
08209
08210
08211
08212
08213
08214
08215
08216
08217
08218
08219
08220
08221
08222
08223
08224
08225
08226
08227
08228
08229
08230
08231
08232
08233
08234
08235
08236
08237
08238
08239
08240
08241
08242
08243
08244
08245
08246
08247
08248
08249
08250
08251
08252
08253
08254
08255
08256
08257
08258
08259
08260
08261
08262
08263
08264
08265
08266
08267
08268
08269
08270
08271
08272
08273
08274
08275
08276
08277
08278
08279
08280
08281
08282
08283
08284
08285
08286
08287
08288
08289
08290
08291
08292
08293
08294
08295
08296
08297
08298
08299
08300
08301
08302
08303
08304
08305
08306
08307
08308
08309
08310
08311
08312
08313
08314
08315
08316
08317
08318
08319
08320
08321
08322
08323
08324
08325
08326
08327
08328
08329
08330
08331
08332
08333
08334
08335
08336
08337
08338
08339
08340
08341
08342
08343
08344
08345
08346
08347
08348
08349
08350
08351
08352
08353
08354
08355
08356
08357
08358
08359
08360
08361
08362
08363
08364
08365
08366
08367
08368
08369
08370
08371
08372
08373
08374
08375
08376
08377
08378
08379
08380
08381
08382
08383
08384
08385
08386
08387
08388
08389
08390
08391
08392
08393
08394
08395
08396
08397
08398
08399
08400
08401
08402
08403
08404
08405
08406
08407
08408
08409
08410
08411
08412
08413
08414
08415
08416
08417
08418
08419
08420
08421
08422
08423
08424
08425
08426
08427
08428
08429
08430
08431
08432
08433
08434
08435
08436
08437
08438
08439
08440
08441
08442
08443
08444
08445
08446
08447
08448
08449
08450
08451
08452
08453
08454
08455
08456
08457
08458
08459
08460
08461
08462
08463
08464
08465
08466
08467
08468
08469
08470
08481
08482
08483
08484
08485
08486
08487
08488
08489
08490
08491
08492
08493
08494
08495
08496
08497
08498
08499
08500
08501
08502
08503
08504
08505
08506
08507
08508
08509
08510
08511
08512
08513
08514
08515
08516
08517
08518
08519
08520
08521
08522
08523
08524
08525
08526
08527
08528
08529
08530
08531
08532
08533
08534
08535
08536
08537
08538
08539
08540
08541
08542
08543
08544
08545
08546
08547
08548
08549
08550
08551
08552
08553
08554
08555
08556
08557
08558
08559
08560
08561
08562
08563
08564
08565
08566
08567
08592
08593
08594
08595
08596
08597
08598
08599
08600
08601
08602
08603
08604
08605
08606
08607
08608
08609
08610
08611
08612
08613
08614
08615
08616
08617
08618
08619
08620
08621
08622
08623
08624
08625
08626
08627
08628
08629
08630
08631
08632
08633
08634
08635
08636
08637
08638
08639
08640
08641
08642
08643
08644
08645
08646
08647
08648
08649
08650
08651
08652
08653
08654
08655
08656
08657
08658
08659
08660
08661
08662
08663
08664
08665
08666
08667
08668
08669
08670
08671
08672
08673
08674
08675
08676
08677
08678
08679
08680
08681
08682
08683
08684
08685
08686
08687
08688
08689
08690
08691
08692
08693
08694
08695
08696
08697
08698
08699
08700
08701
08702
08703
08704
08705
08706
08707
08708
08709
08710
08711
08712
08713
08714
08715
08716
08717
08718
08719
08720
08721
08722
08723
08724
08725
08726
08727
08728
08729
08730
08731
08732
08733
08734
08735
08736
08737
08738
08739
08740
08741
08742
08743
08744
08745
08746
08747
08748
08749
08750
08751
08752
08753
08754
08755
08756
08757
08758
08759
08760
08761
08762
08763
08764
08765
08766
08767
08768
08769
08770
08771
08772
08773
08774
08775
08776
08777
08778
08779
08780
08781
08782
08783
08784
08785
08786
08787
08788
08789
08790
08791
08792
08793
08794
08795
08796
08797
08798
08799
08800
08801
08802
08803
08804
08818
08819
08820
08821
08822
08823
08824
08825
08826
08827
08828
08829
08830
08831
08832
08833
08834
08835
08836
08837
08838
08839
08840
08841
08842
08843
08844
08845
08846
08847
08848
08849
08850
08851
08852
08853
08854
08855
08856
08857
08858
08859
08860
08861
08862
08863
08864
08865
08866
08867
08868
08869
08870
08871
08872
08873
08874
08875
08876
08877
08878
08879
08880
08881
08882
08883
08884
08885
08886
08887
08888
08889
08890
08891
08892
08893
08894
08895
08896
08897
08898
08899
08900
08901
08902
08903
08904
08905
08906
08907
08908
08909
08910
08911
08912
08913
08914
08915
08916
08917
08918
08919
08920
08921
08922
08923
08924
08925
08926
08927
08928
08929
08930
08931
08932
08933
08934
08935
08936
08937
08938
08939
08940
08941
08942
08943
08944
08945
08946
08947
08948
08949
08950
08951
08952
08953
08954
08955
08956
08957
08958
08959
08960
08961
08962
08963
08964
08965
08966
08967
08968
08969
08970
08971
08972
08973
08974
08975
08976
08977
08978
08979
08980
08981
08982
08983
08984
08985
08986
08987
08988
08989
08990
08991
08992
08993
08994
08995
08996
08997
08998
08999
09000
09001
09002
09003
09004
09005
09006
09007
09008
09009
09010
09011
09012
09013
09014
09015
09016
09017
09018
09019
09020
09021
09022
09023
09024
09025
09026
09027
09028
09029
09030
09031
09032
09033
09034
09035
09036
09037
09038
09039
09040
09041
09042
09043
09044
09045
09046
09047
09048
09049
09050
09051
09052
09053
09054
09055
09056
09057
09058
09059
09060
09061
09062
09063
09064
09065
09066
09067
09068
09069
09070
09071
09072
09073
09074
09075
09076
09077
09078
09079
09080
09081
09082
09083
09084
09085
09086
09087
09088
09089
09090
09091
09092
09093
09094
09095
09518
09519
09520
09521
09522
09523
09524
09525
09526
09527
09528
09529
09530
09531
09532
09533
09534
09535
09536
09537
09538
09539
09540
09541
09542
09543
09544
09545
09546
09547
09548
09549
09550
09551
09552
09553
09554
09555
09556
09557
09558
09559
09560
09561
09562
09563
09564
09565
09566
09567
09568
09569
09570
09571
09572
09573
09574
09575
09576
09577
09578
09579
09580
09581
09582
09583
09584
09585
09586
09587
09588
09589
09590
09591
09592
09593
09594
09595
09596
09597
09598
09599
09600
09601
09602
09603
09604
09605
09606
09607
09608
09609
09610
09611
09612
09613
09614
09615
09616
09617
09618
09619
09620
09621
09622
09623
09624
09625
09626
09627
09628
09629
09630
09631
09632
09633
09634
09635
09636
09637
09638
09639
09640
09641
09642
09643
09644
09645
09646
09647
09648
09649
09650
09651
09652
09653
09654
09655
09656
09657
09658
09659
09660
09661
09662
09663
09664
09665
09666
09667
09668
09669
09670
09671
09672
09673
09674
09675
09676
09677
09678
09679
09680
09681
09682
09683
09684
09685
09686
09687
09688
09689
09690
09691
09692
09693
09694
09695
09696
09697
09698
09699
09700
09701
09702
09703
09704
09705
09706
09707
09708
09709
09710
09711
09712
09713
09714
09715
09716
09717
09718
09719
09720
09721
09722
09723
09724
09725
09726
09727
09728
09729
09730
09731
09732
09733
09734
09735
09736
09737
09738
09739
09740
09741
09742
09743
09744
09745
09746
09747
09748
09749
09750
09751
09752
09753
09754
09755
09756
09757
09758
09759
09760
09761
09762
09763
09764
09765
09766
09767
09768
09769
09770
09771
09772
09773
09774
09775
09776
09777
09778
09779
09780
09781
09782
09783
09784
09785
09786
09787
09788
09789
09790
09791
09792
09793
09794
09795
09796
09797
09798
09799
09800
09801
09802
09803
09819
09820
09821
09822
09823
09824
09825
09826
09827
09828
09829
09830
09831
09832
09833
09834
09835
09836
09837
09838
09839
09840
09841
09842
09843
09844
09845
09846
09847
09848
09849
09850
09851
09852
09853
09854
09855
09856
09857
09858
09859
09860
09861
09862
09863
09864
09865
09866
09867
09868
09869
09870
09871
09872
09873
09874
09875
09876
09877
09878
09879
09880
09881
09909
09910
09911
09912
09913
09914
09915
09916
09917
09918
09919
09920
09921
09922
09923
09924
09925
09926
09927
09928
09929
